0	8.75341e-05
5.58967e-12	8.27525e-05
1.11793e-11	7.6904e-05
1.6769e-11	6.99631e-05
2.23587e-11	6.19125e-05
2.79484e-11	5.27434e-05
3.3538e-11	4.24563e-05
3.91277e-11	3.10616e-05
4.47174e-11	1.85803e-05
5.03071e-11	5.04462e-06
5.58967e-11	-9.5018e-06
6.14864e-11	-2.50032e-05
6.70761e-11	-4.13915e-05
7.26658e-11	-5.85859e-05
7.82554e-11	-7.6493e-05
8.38451e-11	-9.50066e-05
8.94348e-11	-0.000114008
9.50245e-11	-0.000133364
1.00614e-10	-0.000152933
1.06204e-10	-0.000172558
1.11793e-10	-0.000192073
1.17383e-10	-0.0002113
1.22973e-10	-0.000230052
1.28563e-10	-0.000248134
1.34152e-10	-0.000265342
1.39742e-10	-0.000281467
1.45332e-10	-0.000296296
1.50921e-10	-0.00030961
1.56511e-10	-0.000321191
1.62101e-10	-0.00033082
1.6769e-10	-0.000338283
1.7328e-10	-0.000343367
1.7887e-10	-0.000345867
1.84459e-10	-0.000345587
1.90049e-10	-0.000342342
1.95639e-10	-0.000335961
2.01228e-10	-0.000326288
2.06818e-10	-0.000313186
2.12408e-10	-0.000296538
2.17997e-10	-0.000276252
2.23587e-10	-0.000252259
2.29177e-10	-0.00022452
2.34766e-10	-0.000193024
2.40356e-10	-0.000157795
2.45946e-10	-0.000118886
2.51535e-10	-7.63913e-05
2.57125e-10	-3.04378e-05
2.62715e-10	1.88073e-05
2.68304e-10	7.11376e-05
2.73894e-10	0.000126307
2.79484e-10	0.000184028
2.85073e-10	0.000243975
2.90663e-10	0.000305778
2.96253e-10	0.000369031
3.01842e-10	0.000433288
3.07432e-10	0.000498066
3.13022e-10	0.000562846
3.18611e-10	0.000627077
3.24201e-10	0.000690177
3.29791e-10	0.000751538
3.3538e-10	0.000810527
3.4097e-10	0.000866493
3.4656e-10	0.000918768
3.5215e-10	0.000966677
3.57739e-10	0.00100954
3.63329e-10	0.00104667
3.68919e-10	0.0010774
3.74508e-10	0.00110106
3.80098e-10	0.00111702
3.85688e-10	0.00112465
3.91277e-10	0.00112338
3.96867e-10	0.00111267
4.02457e-10	0.00109201
4.08046e-10	0.00106098
4.13636e-10	0.00101918
4.19226e-10	0.000966325
4.24815e-10	0.000902167
4.30405e-10	0.000826557
4.35995e-10	0.000739433
4.41584e-10	0.000640827
4.47174e-10	0.000530869
4.52764e-10	0.000409795
4.58353e-10	0.00027795
4.63943e-10	0.00013579
4.69533e-10	-1.61131e-05
4.75122e-10	-0.000177071
4.80712e-10	-0.000346279
4.86302e-10	-0.000522811
4.91891e-10	-0.000705629
4.97481e-10	-0.000893575
5.03071e-10	-0.00108538
5.0866e-10	-0.00127968
5.1425e-10	-0.00147499
5.1984e-10	-0.00166975
5.25429e-10	-0.00186229
5.31019e-10	-0.00205088
5.36609e-10	-0.00223372
5.42198e-10	-0.00240895
5.47788e-10	-0.00257467
5.53378e-10	-0.00272896
5.58967e-10	-0.00286986
5.64557e-10	-0.00299543
5.70147e-10	-0.00310375
5.75736e-10	-0.00319292
5.81326e-10	-0.00326112
5.86916e-10	-0.00330657
5.92506e-10	-0.00332761
5.98095e-10	-0.00332267
6.03685e-10	-0.00329031
6.09275e-10	-0.00322926
6.14864e-10	-0.0031384
6.20454e-10	-0.00301681
6.26044e-10	-0.00286375
6.31633e-10	-0.00267874
6.37223e-10	-0.00246152
6.42813e-10	-0.00221209
6.48402e-10	-0.0019307
6.53992e-10	-0.00161791
6.59582e-10	-0.00127456
6.65171e-10	-0.000901794
6.70761e-10	-0.000501052
6.76351e-10	-7.40995e-05
6.8194e-10	0.000376989
6.8753e-10	0.000849826
6.9312e-10	0.00134171
6.98709e-10	0.00184964
7.04299e-10	0.00237032
7.09889e-10	0.00290017
7.15478e-10	0.00343535
7.21068e-10	0.00397174
7.26658e-10	0.00450504
7.32247e-10	0.00503071
7.37837e-10	0.00554405
7.43427e-10	0.0060402
7.49016e-10	0.00651421
7.54606e-10	0.00696103
7.60196e-10	0.00737559
7.65785e-10	0.0077528
7.71375e-10	0.00808765
7.76965e-10	0.00837517
7.82554e-10	0.00861057
7.88144e-10	0.00878922
7.93734e-10	0.00890672
7.99323e-10	0.00895896
8.04913e-10	0.00894214
8.10503e-10	0.00885287
8.16093e-10	0.00868814
8.21682e-10	0.00844543
8.27272e-10	0.00812274
8.32862e-10	0.00771862
8.38451e-10	0.00723222
8.44041e-10	0.00666331
8.49631e-10	0.00601234
8.5522e-10	0.00528046
8.6081e-10	0.00446954
8.664e-10	0.00358216
8.71989e-10	0.00262171
8.77579e-10	0.00159229
8.83169e-10	0.000498814
8.88758e-10	-0.000653071
8.94348e-10	-0.00185695
8.99938e-10	-0.00310567
9.05527e-10	-0.00439138
9.11117e-10	-0.00570551
9.16707e-10	-0.00703887
9.22296e-10	-0.00838168
9.27886e-10	-0.00972359
9.33476e-10	-0.0110538
9.39065e-10	-0.012361
9.44655e-10	-0.0136336
9.50245e-10	-0.0148597
9.55834e-10	-0.0160274
9.61424e-10	-0.0171243
9.67014e-10	-0.0181385
9.72603e-10	-0.0190579
9.78193e-10	-0.0198706
9.83783e-10	-0.0205651
9.89372e-10	-0.0211303
9.94962e-10	-0.0215557
1.00055e-09	-0.0218313
1.00614e-09	-0.021948
1.01173e-09	-0.0218976
1.01732e-09	-0.0216726
1.02291e-09	-0.021267
1.0285e-09	-0.0206755
1.03409e-09	-0.0198945
1.03968e-09	-0.0189215
1.04527e-09	-0.0177556
1.05086e-09	-0.0163974
1.05645e-09	-0.0148488
1.06204e-09	-0.0131138
1.06763e-09	-0.0111976
1.07322e-09	-0.00910756
1.07881e-09	-0.0068524
1.0844e-09	-0.00444272
1.08999e-09	-0.00189081
1.09558e-09	0.000789376
1.10117e-09	0.00358222
1.10676e-09	0.00647053
1.11235e-09	0.0094356
1.11793e-09	0.0124573
1.12352e-09	0.0155141
1.12911e-09	0.0185835
1.1347e-09	0.0216416
1.14029e-09	0.0246637
1.14588e-09	0.0276246
1.15147e-09	0.0304982
1.15706e-09	0.033258
1.16265e-09	0.0358774
1.16824e-09	0.0383299
1.17383e-09	0.0405891
1.17942e-09	0.0426291
1.18501e-09	0.0444245
1.1906e-09	0.0459511
1.19619e-09	0.0471857
1.20178e-09	0.0481064
1.20737e-09	0.048693
1.21296e-09	0.0489272
1.21855e-09	0.0487927
1.22414e-09	0.0482755
1.22973e-09	0.0473639
1.23532e-09	0.0460493
1.24091e-09	0.0443255
1.2465e-09	0.0421896
1.25209e-09	0.0396418
1.25768e-09	0.0366856
1.26327e-09	0.0333278
1.26886e-09	0.0295788
1.27445e-09	0.0254524
1.28004e-09	0.0209659
1.28563e-09	0.0161404
1.29121e-09	0.0110003
1.2968e-09	0.00557333
1.30239e-09	-0.00010913
1.30798e-09	-0.00601266
1.31357e-09	-0.0120997
1.31916e-09	-0.0183299
1.32475e-09	-0.0246601
1.33034e-09	-0.0310447
1.33593e-09	-0.0374362
1.34152e-09	-0.043785
1.34711e-09	-0.05004
1.3527e-09	-0.056149
1.35829e-09	-0.0620591
1.36388e-09	-0.0677167
1.36947e-09	-0.0730687
1.37506e-09	-0.078062
1.38065e-09	-0.0826446
1.38624e-09	-0.0867658
1.39183e-09	-0.0903767
1.39742e-09	-0.0934307
1.40301e-09	-0.0958838
1.4086e-09	-0.0976953
1.41419e-09	-0.098828
1.41978e-09	-0.0992486
1.42537e-09	-0.0989285
1.43096e-09	-0.0978437
1.43655e-09	-0.0959754
1.44214e-09	-0.0933104
1.44773e-09	-0.0898413
1.45332e-09	-0.0855665
1.45891e-09	-0.080491
1.46449e-09	-0.0746261
1.47008e-09	-0.0679897
1.47567e-09	-0.0606064
1.48126e-09	-0.0525074
1.48685e-09	-0.0437308
1.49244e-09	-0.0343211
1.49803e-09	-0.0243292
1.50362e-09	-0.0138126
1.50921e-09	-0.00283437
1.5148e-09	0.00853629
1.52039e-09	0.020225
1.52598e-09	0.0321525
1.53157e-09	0.0442349
1.53716e-09	0.0563844
1.54275e-09	0.0685099
1.54834e-09	0.0805174
1.55393e-09	0.0923109
1.55952e-09	0.103793
1.56511e-09	0.114865
1.5707e-09	0.12543
1.57629e-09	0.135389
1.58188e-09	0.144648
1.58747e-09	0.153113
1.59306e-09	0.160694
1.59865e-09	0.167305
1.60424e-09	0.172866
1.60983e-09	0.177301
1.61542e-09	0.180541
1.62101e-09	0.182524
1.6266e-09	0.183197
1.63219e-09	0.182515
1.63777e-09	0.180441
1.64336e-09	0.176949
1.64895e-09	0.172023
1.65454e-09	0.165658
1.66013e-09	0.157858
1.66572e-09	0.148641
1.67131e-09	0.138035
1.6769e-09	0.12608
1.68249e-09	0.112828
1.68808e-09	0.0983408
1.69367e-09	0.0826936
1.69926e-09	0.065972
1.70485e-09	0.0482722
1.71044e-09	0.0297008
1.71603e-09	0.0103743
1.72162e-09	-0.00958176
1.72721e-09	-0.0300336
1.7328e-09	-0.0508396
1.73839e-09	-0.0718517
1.74398e-09	-0.0929161
1.74957e-09	-0.113874
1.75516e-09	-0.134564
1.76075e-09	-0.154822
1.76634e-09	-0.174481
1.77193e-09	-0.193378
1.77752e-09	-0.211347
1.78311e-09	-0.228228
1.7887e-09	-0.243865
1.79429e-09	-0.258105
1.79988e-09	-0.270803
1.80546e-09	-0.281825
1.81105e-09	-0.291041
1.81664e-09	-0.298335
1.82223e-09	-0.303604
1.82782e-09	-0.306754
1.83341e-09	-0.307707
1.839e-09	-0.306401
1.84459e-09	-0.302789
1.85018e-09	-0.296839
1.85577e-09	-0.288538
1.86136e-09	-0.27789
1.86695e-09	-0.264917
1.87254e-09	-0.249661
1.87813e-09	-0.23218
1.88372e-09	-0.212551
1.88931e-09	-0.190871
1.8949e-09	-0.167254
1.90049e-09	-0.141832
1.90608e-09	-0.114752
1.91167e-09	-0.0861797
1.91726e-09	-0.0562948
1.92285e-09	-0.0252915
1.92844e-09	0.00662295
1.93403e-09	0.0392297
1.93962e-09	0.0722995
1.94521e-09	0.105594
1.9508e-09	0.138869
1.95639e-09	0.171874
1.96198e-09	0.204355
1.96757e-09	0.236056
1.97316e-09	0.266722
1.97874e-09	0.296101
1.98433e-09	0.323943
1.98992e-09	0.350008
1.99551e-09	0.374061
2.0011e-09	0.395878
2.00669e-09	0.41525
2.01228e-09	0.431979
2.01787e-09	0.445884
2.02346e-09	0.456802
2.02905e-09	0.46459
2.03464e-09	0.469125
2.04023e-09	0.470307
2.04582e-09	0.468058
2.05141e-09	0.462327
2.057e-09	0.453086
2.06259e-09	0.440335
2.06818e-09	0.4241
2.07377e-09	0.404434
2.07936e-09	0.381416
2.08495e-09	0.355155
2.09054e-09	0.325783
2.09613e-09	0.293461
2.10172e-09	0.258373
2.10731e-09	0.220731
2.1129e-09	0.180767
2.11849e-09	0.138735
2.12408e-09	0.0949123
2.12967e-09	0.0495916
2.13526e-09	0.00308375
2.14085e-09	-0.044286
2.14644e-09	-0.0921803
2.15202e-09	-0.140252
2.15761e-09	-0.188146
2.1632e-09	-0.235502
2.16879e-09	-0.28196
2.17438e-09	-0.327158
2.17997e-09	-0.370739
2.18556e-09	-0.412352
2.19115e-09	-0.451653
2.19674e-09	-0.488313
2.20233e-09	-0.522016
2.20792e-09	-0.552464
2.21351e-09	-0.579377
2.2191e-09	-0.602499
2.22469e-09	-0.621599
2.23028e-09	-0.63647
2.23587e-09	-0.646938
2.24146e-09	-0.652856
2.24705e-09	-0.65411
2.25264e-09	-0.650621
2.25823e-09	-0.642343
2.26382e-09	-0.629266
2.26941e-09	-0.611415
2.275e-09	-0.588854
2.28059e-09	-0.561682
2.28618e-09	-0.530032
2.29177e-09	-0.494077
2.29736e-09	-0.454022
2.30295e-09	-0.410105
2.30854e-09	-0.3626
2.31413e-09	-0.311808
2.31971e-09	-0.25806
2.3253e-09	-0.201716
2.33089e-09	-0.143157
2.33648e-09	-0.0827866
2.34207e-09	-0.0210286
2.34766e-09	0.0416786
2.35325e-09	0.104884
2.35884e-09	0.168125
2.36443e-09	0.230938
2.37002e-09	0.29285
2.37561e-09	0.353396
2.3812e-09	0.412111
2.38679e-09	0.468539
2.39238e-09	0.522238
2.39797e-09	0.572779
2.40356e-09	0.619753
2.40915e-09	0.662774
2.41474e-09	0.701479
2.42033e-09	0.735535
2.42592e-09	0.764641
2.43151e-09	0.788528
2.4371e-09	0.806965
2.44269e-09	0.819758
2.44828e-09	0.826755
2.45387e-09	0.827845
2.45946e-09	0.82296
2.46505e-09	0.812077
2.47064e-09	0.795217
2.47623e-09	0.772446
2.48182e-09	0.743875
2.48741e-09	0.70966
2.49299e-09	0.670001
2.49858e-09	0.62514
2.50417e-09	0.575359
2.50976e-09	0.520983
2.51535e-09	0.462369
2.52094e-09	0.399914
2.52653e-09	0.334044
2.53212e-09	0.265215
2.53771e-09	0.193908
2.5433e-09	0.120629
2.54889e-09	0.0458998
2.55448e-09	-0.0297416
2.56007e-09	-0.105746
2.56566e-09	-0.181559
2.57125e-09	-0.25662
2.57684e-09	-0.330374
2.58243e-09	-0.40227
2.58802e-09	-0.471766
2.59361e-09	-0.538337
2.5992e-09	-0.601474
2.60479e-09	-0.66069
2.61038e-09	-0.715527
2.61597e-09	-0.765555
2.62156e-09	-0.810377
2.62715e-09	-0.849633
2.63274e-09	-0.883002
2.63833e-09	-0.910206
2.64392e-09	-0.931011
2.64951e-09	-0.94523
2.6551e-09	-0.952724
2.66069e-09	-0.953402
2.66627e-09	-0.947225
2.67186e-09	-0.934206
2.67745e-09	-0.914407
2.68304e-09	-0.887941
2.68863e-09	-0.854973
2.69422e-09	-0.815715
2.69981e-09	-0.77043
2.7054e-09	-0.719423
2.71099e-09	-0.663046
2.71658e-09	-0.601692
2.72217e-09	-0.535791
2.72776e-09	-0.46581
2.73335e-09	-0.392247
2.73894e-09	-0.315629
2.74453e-09	-0.236507
2.75012e-09	-0.155453
2.75571e-09	-0.0730543
2.7613e-09	0.0100894
2.76689e-09	0.093372
2.77248e-09	0.176184
2.77807e-09	0.25792
2.78366e-09	0.337978
2.78925e-09	0.415769
2.79484e-09	0.490722
2.80043e-09	0.562281
2.80602e-09	0.629919
2.81161e-09	0.693135
2.8172e-09	0.751462
2.82279e-09	0.804465
2.82838e-09	0.851753
2.83397e-09	0.892974
2.83955e-09	0.927822
2.84514e-09	0.956038
2.85073e-09	0.977412
2.85632e-09	0.991786
2.86191e-09	0.999051
2.8675e-09	0.999155
2.87309e-09	0.992095
2.87868e-09	0.977926
2.88427e-09	0.956752
2.88986e-09	0.928731
2.89545e-09	0.894071
2.90104e-09	0.85303
2.90663e-09	0.805912
2.91222e-09	0.753069
2.91781e-09	0.69489
2.9234e-09	0.631809
2.92899e-09	0.564292
2.93458e-09	0.492838
2.94017e-09	0.417976
2.94576e-09	0.340258
2.95135e-09	0.260257
2.95694e-09	0.178562
2.96253e-09	0.0957725
2.96812e-09	0.012495
2.97371e-09	-0.0706613
2.9793e-09	-0.15309
2.98489e-09	-0.234191
2.99048e-09	-0.313377
2.99607e-09	-0.390075
3.00166e-09	-0.463734
3.00724e-09	-0.533825
3.01283e-09	-0.599851
3.01842e-09	-0.661343
3.02401e-09	-0.717869
3.0296e-09	-0.769036
3.03519e-09	-0.814491
3.04078e-09	-0.853926
3.04637e-09	-0.887079
3.05196e-09	-0.913735
3.05755e-09	-0.933729
3.06314e-09	-0.946945
3.06873e-09	-0.95332
3.07432e-09	-0.952839
3.07991e-09	-0.945541
3.0855e-09	-0.931515
3.09109e-09	-0.910897
3.09668e-09	-0.883875
3.10227e-09	-0.85068
3.10786e-09	-0.81159
3.11345e-09	-0.766924
3.11904e-09	-0.717041
3.12463e-09	-0.662337
3.13022e-09	-0.60324
3.13581e-09	-0.54021
3.1414e-09	-0.473732
3.14699e-09	-0.404312
3.15258e-09	-0.332479
3.15817e-09	-0.25877
3.16376e-09	-0.183739
3.16935e-09	-0.107941
3.17494e-09	-0.0319336
3.18052e-09	0.043726
3.18611e-09	0.118489
3.1917e-09	0.191818
3.19729e-09	0.263188
3.20288e-09	0.332096
3.20847e-09	0.398058
3.21406e-09	0.460618
3.21965e-09	0.519348
3.22524e-09	0.573852
3.23083e-09	0.62377
3.23642e-09	0.668778
3.24201e-09	0.708591
3.2476e-09	0.742965
3.25319e-09	0.771702
3.25878e-09	0.794642
3.26437e-09	0.811674
3.26996e-09	0.82273
3.27555e-09	0.827788
3.28114e-09	0.82687
3.28673e-09	0.820042
3.29232e-09	0.807414
3.29791e-09	0.789137
3.3035e-09	0.765405
3.30909e-09	0.736446
3.31468e-09	0.702529
3.32027e-09	0.663953
3.32586e-09	0.621053
3.33145e-09	0.574187
3.33704e-09	0.523743
3.34263e-09	0.47013
3.34822e-09	0.413774
3.3538e-09	0.355119
3.35939e-09	0.29462
3.36498e-09	0.23274
3.37057e-09	0.169947
3.37616e-09	0.106711
3.38175e-09	0.0434987
3.38734e-09	-0.0192293
3.39293e-09	-0.0810209
3.39852e-09	-0.141437
3.40411e-09	-0.200054
3.4097e-09	-0.256468
3.41529e-09	-0.310296
3.42088e-09	-0.361178
3.42647e-09	-0.408783
3.43206e-09	-0.452807
3.43765e-09	-0.492977
3.44324e-09	-0.529054
3.44883e-09	-0.56083
3.45442e-09	-0.588134
3.46001e-09	-0.61083
3.4656e-09	-0.628817
3.47119e-09	-0.642033
3.47678e-09	-0.65045
3.48237e-09	-0.654077
3.48796e-09	-0.652958
3.49355e-09	-0.647173
3.49914e-09	-0.636835
3.50473e-09	-0.622088
3.51032e-09	-0.603108
3.51591e-09	-0.580099
3.5215e-09	-0.553291
3.52708e-09	-0.522942
3.53267e-09	-0.489329
3.53826e-09	-0.45275
3.54385e-09	-0.41352
3.54944e-09	-0.37197
3.55503e-09	-0.328441
3.56062e-09	-0.283285
3.56621e-09	-0.236858
3.5718e-09	-0.189522
3.57739e-09	-0.141639
3.58298e-09	-0.0935674
3.58857e-09	-0.0456631
3.59416e-09	0.00172656
3.59975e-09	0.0482639
3.60534e-09	0.0936233
3.61093e-09	0.137494
3.61652e-09	0.179581
3.62211e-09	0.219609
3.6277e-09	0.257321
3.63329e-09	0.292485
3.63888e-09	0.32489
3.64447e-09	0.35435
3.65006e-09	0.380703
3.65565e-09	0.403816
3.66124e-09	0.42358
3.66683e-09	0.439915
3.67242e-09	0.452767
3.67801e-09	0.462109
3.6836e-09	0.467942
3.68919e-09	0.47029
3.69477e-09	0.469206
3.70036e-09	0.464767
3.70595e-09	0.457071
3.71154e-09	0.446241
3.71713e-09	0.432421
3.72272e-09	0.415771
3.72831e-09	0.396473
3.7339e-09	0.374723
3.73949e-09	0.350732
3.74508e-09	0.324722
3.75067e-09	0.296927
3.75626e-09	0.267589
3.76185e-09	0.236957
3.76744e-09	0.205282
3.77303e-09	0.172821
3.77862e-09	0.139827
3.78421e-09	0.106557
3.7898e-09	0.0732588
3.79539e-09	0.0401791
3.80098e-09	0.00755576
3.80657e-09	-0.0243818
3.81216e-09	-0.0554144
3.81775e-09	-0.0853343
3.82334e-09	-0.113947
3.82893e-09	-0.141072
3.83452e-09	-0.166545
3.84011e-09	-0.190216
3.8457e-09	-0.211953
3.85129e-09	-0.231643
3.85688e-09	-0.249187
3.86247e-09	-0.264509
3.86805e-09	-0.277548
3.87364e-09	-0.288263
3.87923e-09	-0.296632
3.88482e-09	-0.30265
3.89041e-09	-0.30633
3.896e-09	-0.307701
3.90159e-09	-0.306812
3.90718e-09	-0.303725
3.91277e-09	-0.298516
3.91836e-09	-0.291279
3.92395e-09	-0.282117
3.92954e-09	-0.271146
3.93513e-09	-0.258494
3.94072e-09	-0.244296
3.94631e-09	-0.228698
3.9519e-09	-0.21185
3.95749e-09	-0.19391
3.96308e-09	-0.175038
3.96867e-09	-0.155398
3.97426e-09	-0.135156
3.97985e-09	-0.114476
3.98544e-09	-0.0935234
3.99103e-09	-0.0724599
3.99662e-09	-0.0514441
4.00221e-09	-0.03063
4.0078e-09	-0.010166
4.01339e-09	0.00980636
4.01898e-09	0.0291528
4.02457e-09	0.0477477
4.03016e-09	0.0654742
4.03575e-09	0.0822255
4.04133e-09	0.0979049
4.04692e-09	0.112427
4.05251e-09	0.125716
4.0581e-09	0.137709
4.06369e-09	0.148354
4.06928e-09	0.157612
4.07487e-09	0.165453
4.08046e-09	0.17186
4.08605e-09	0.176827
4.09164e-09	0.18036
4.09723e-09	0.182475
4.10282e-09	0.183197
4.10841e-09	0.182562
4.114e-09	0.180616
4.11959e-09	0.177411
4.12518e-09	0.17301
4.13077e-09	0.167481
4.13636e-09	0.160899
4.14195e-09	0.153344
4.14754e-09	0.144904
4.15313e-09	0.135667
4.15872e-09	0.125726
4.16431e-09	0.115178
4.1699e-09	0.104119
4.17549e-09	0.0926472
4.18108e-09	0.0808614
4.18667e-09	0.0688587
4.19226e-09	0.0567353
4.19785e-09	0.0445852
4.20344e-09	0.0324996
4.20903e-09	0.0205664
4.21461e-09	0.00886968
4.2202e-09	-0.00251123
4.22579e-09	-0.0135017
4.23138e-09	-0.0240327
4.23697e-09	-0.0340405
4.24256e-09	-0.0434678
4.24815e-09	-0.0522633
4.25374e-09	-0.0603824
4.25933e-09	-0.0677868
4.26492e-09	-0.0744452
4.27051e-09	-0.0803326
4.2761e-09	-0.0854311
4.28169e-09	-0.0897291
4.28728e-09	-0.0932216
4.29287e-09	-0.0959097
4.29846e-09	-0.0978008
4.30405e-09	-0.098908
4.30964e-09	-0.0992499
4.31523e-09	-0.0988502
4.32082e-09	-0.0977377
4.32641e-09	-0.0959453
4.332e-09	-0.0935101
4.33759e-09	-0.0904729
4.34318e-09	-0.0868774
4.34877e-09	-0.0827703
4.35436e-09	-0.0782003
4.35995e-09	-0.0732181
4.36554e-09	-0.0678758
4.37113e-09	-0.0622262
4.37672e-09	-0.0563227
4.3823e-09	-0.0502187
4.38789e-09	-0.0439671
4.39348e-09	-0.0376204
4.39907e-09	-0.0312294
4.40466e-09	-0.0248439
4.41025e-09	-0.0185115
4.41584e-09	-0.0122778
4.42143e-09	-0.00618602
4.42702e-09	-0.000276653
4.43261e-09	0.00541269
4.4382e-09	0.0108474
4.44379e-09	0.0159963
4.44938e-09	0.0208312
4.45497e-09	0.0253278
4.46056e-09	0.0294649
4.46615e-09	0.033225
4.47174e-09	0.0365942
4.47733e-09	0.0395622
4.48292e-09	0.0421218
4.48851e-09	0.0442696
4.4941e-09	0.0460053
4.49969e-09	0.0473317
4.50528e-09	0.0482547
4.51087e-09	0.0487832
4.51646e-09	0.0489286
4.52205e-09	0.0487048
4.52764e-09	0.0481281
4.53323e-09	0.0472168
4.53882e-09	0.045991
4.54441e-09	0.0444725
4.55e-09	0.0426845
4.55558e-09	0.0406512
4.56117e-09	0.038398
4.56676e-09	0.0359507
4.57235e-09	0.0333357
4.57794e-09	0.0305796
4.58353e-09	0.0277089
4.58912e-09	0.0247502
4.59471e-09	0.0217294
4.6003e-09	0.018672
4.60589e-09	0.0156027
4.61148e-09	0.0125452
4.61707e-09	0.00952215
4.62266e-09	0.00655516
4.62825e-09	0.00366436
4.63384e-09	0.000868512
4.63943e-09	-0.00181515
4.64502e-09	-0.00437097
4.65061e-09	-0.00678494
4.6562e-09	-0.00904472
4.66179e-09	-0.0111397
4.66738e-09	-0.0130609
4.67297e-09	-0.0148013
4.67856e-09	-0.0163553
4.68415e-09	-0.0177191
4.68974e-09	-0.0188906
4.69533e-09	-0.0198691
4.70092e-09	-0.0206556
4.70651e-09	-0.0212525
4.7121e-09	-0.0216635
4.71769e-09	-0.0218936
4.72328e-09	-0.021949
4.72886e-09	-0.021837
4.73445e-09	-0.0215658
4.74004e-09	-0.0211446
4.74563e-09	-0.0205833
4.75122e-09	-0.0198923
4.75681e-09	-0.0190829
4.7624e-09	-0.0181665
4.76799e-09	-0.0171549
4.77358e-09	-0.0160601
4.77917e-09	-0.0148943
4.78476e-09	-0.0136697
4.79035e-09	-0.0123982
4.79594e-09	-0.0110919
4.80153e-09	-0.00976221
4.80712e-09	-0.00842049
4.81271e-09	-0.00707756
4.8183e-09	-0.00574378
4.82389e-09	-0.00442896
4.82948e-09	-0.00314232
4.83507e-09	-0.00189241
4.84066e-09	-0.000687134
4.84625e-09	0.000466346
4.85184e-09	0.00156159
4.85743e-09	0.00259293
4.86302e-09	0.00355544
4.86861e-09	0.00444497
4.8742e-09	0.00525815
4.87979e-09	0.00599234
4.88538e-09	0.00664566
4.89097e-09	0.00721695
4.89656e-09	0.00770573
4.90214e-09	0.00811222
4.90773e-09	0.00843724
4.91332e-09	0.00868223
4.91891e-09	0.00884918
4.9245e-09	0.0089406
4.93009e-09	0.00895946
4.93568e-09	0.00890916
4.94127e-09	0.00879349
4.94686e-09	0.00861654
4.95245e-09	0.00838272
4.95804e-09	0.00809663
4.96363e-09	0.00776309
4.96922e-09	0.00738703
4.97481e-09	0.00697348
4.9804e-09	0.00652752
4.98599e-09	0.00605422
4.99158e-09	0.00555864
4.99717e-09	0.00504573
5.00276e-09	0.00452035
5.00835e-09	0.00398721
5.01394e-09	0.00345084
5.01953e-09	0.00291557
5.02512e-09	0.00238551
5.03071e-09	0.00186451
5.0363e-09	0.00135617
5.04189e-09	0.000863774
5.04748e-09	0.000390349
5.05307e-09	-6.14031e-05
5.05866e-09	-0.000489083
5.06425e-09	-0.000890608
5.06983e-09	-0.00126421
5.07542e-09	-0.00160842
5.08101e-09	-0.00192211
5.0866e-09	-0.00220441
5.09219e-09	-0.00245477
5.09778e-09	-0.00267293
5.10337e-09	-0.00285886
5.10896e-09	-0.00301283
5.11455e-09	-0.00313533
5.12014e-09	-0.00322706
5.12573e-09	-0.00328896
5.13132e-09	-0.00332212
5.13691e-09	-0.00332784
5.1425e-09	-0.00330753
5.14809e-09	-0.00326276
5.15368e-09	-0.00319519
5.15927e-09	-0.0031066
5.16486e-09	-0.00299881
5.17045e-09	-0.00287371
5.17604e-09	-0.00273322
5.18163e-09	-0.0025793
5.18722e-09	-0.00241388
5.19281e-09	-0.00223889
5.1984e-09	-0.00205625
5.20399e-09	-0.0018678
5.20958e-09	-0.00167535
5.21517e-09	-0.00148063
5.22076e-09	-0.00128531
5.22635e-09	-0.00109097
5.23194e-09	-0.000899065
5.23753e-09	-0.000710989
5.24311e-09	-0.000528007
5.2487e-09	-0.000351278
5.25429e-09	-0.000181845
5.25988e-09	-2.0637e-05
5.26547e-09	0.000131538
5.27106e-09	0.000273988
5.27665e-09	0.000406138
5.28224e-09	0.000527528
5.28783e-09	0.00063781
5.29342e-09	0.000736747
5.29901e-09	0.000824203
5.3046e-09	0.000900145
5.31019e-09	0.000964632
5.31578e-09	0.00101781
5.32137e-09	0.00105992
5.32696e-09	0.00109126
5.33255e-09	0.00111221
5.33814e-09	0.00112321
5.34373e-09	0.00112474
5.34932e-09	0.00111736
5.35491e-09	0.00110163
5.3605e-09	0.00107818
5.36609e-09	0.00104765
5.37168e-09	0.00101069
5.37727e-09	0.000967989
5.38286e-09	0.000920216
5.38845e-09	0.000868057
5.39404e-09	0.000812188
5.39963e-09	0.000753277
5.40522e-09	0.000691976
5.41081e-09	0.000628917
5.41639e-09	0.000564711
5.42198e-09	0.000499939
5.42757e-09	0.000435153
5.43316e-09	0.000370875
5.43875e-09	0.000307586
5.44434e-09	0.000245735
5.44993e-09	0.00018573
5.45552e-09	0.000127939
5.46111e-09	7.2692e-05
5.4667e-09	2.0276e-05
5.47229e-09	-2.90612e-05
5.47788e-09	-7.51123e-05
5.48347e-09	-0.000117709
5.48906e-09	-0.000156722
5.49465e-09	-0.000192059
5.50024e-09	-0.000223663
5.50583e-09	-0.000251511
5.51142e-09	-0.000275611
5.51701e-09	-0.000296004
5.5226e-09	-0.000312755
5.52819e-09	-0.000325958
5.53378e-09	-0.000335728
5.53937e-09	-0.000342203
5.54496e-09	-0.000345536
5.55055e-09	-0.000345899
5.55614e-09	-0.000343476
5.56173e-09	-0.000338464
5.56732e-09	-0.000331067
5.57291e-09	-0.000321497
5.5785e-09	-0.000309969
5.58409e-09	-0.000296702
5.58967e-09	-0.000281915
5.59526e-09	-0.000265824
5.60085e-09	-0.000248644
5.60644e-09	-0.000230585
5.61203e-09	-0.000211849
5.61762e-09	-0.000192633
5.62321e-09	-0.000173124
5.6288e-09	-0.0001535
5.63439e-09	-0.000133927
5.63998e-09	-0.000114562
5.64557e-09	-9.55489e-05
5.65116e-09	-7.70196e-05
5.65675e-09	-5.90934e-05
5.66234e-09	-4.1877e-05
5.66793e-09	-2.54643e-05
5.67352e-09	-9.93627e-06
5.67911e-09	4.63856e-06
5.6847e-09	1.82041e-05
5.69029e-09	3.07163e-05
5.69588e-09	4.21428e-05
5.70147e-09	5.24621e-05
5.70706e-09	6.16635e-05
5.71265e-09	6.97463e-05
5.71824e-09	7.6719e-05
5.72383e-09	8.25987e-05
5.72942e-09	8.74107e-05
