2.79484e-12	8.52748e-05
8.38451e-12	7.99634e-05
1.39742e-11	7.35714e-05
1.95639e-11	6.60773e-05
2.51535e-11	5.7468e-05
3.07432e-11	4.77392e-05
3.63329e-11	3.68963e-05
4.19226e-11	2.49551e-05
4.75122e-11	1.19418e-05
5.31019e-11	-2.10545e-06
5.86916e-11	-1.71371e-05
6.42813e-11	-3.30912e-05
6.98709e-11	-4.98934e-05
7.54606e-11	-6.74567e-05
8.10503e-11	-8.56811e-05
8.664e-11	-0.000104454
9.22296e-11	-0.00012365
9.78193e-11	-0.000143132
1.03409e-10	-0.000162749
1.08999e-10	-0.00018234
1.14588e-10	-0.000201734
1.20178e-10	-0.000220748
1.25768e-10	-0.000239189
1.31357e-10	-0.00025686
1.36947e-10	-0.000273553
1.42537e-10	-0.000289057
1.48126e-10	-0.000303155
1.53716e-10	-0.00031563
1.59306e-10	-0.000326263
1.64895e-10	-0.000334836
1.70485e-10	-0.000341135
1.76075e-10	-0.000344952
1.81664e-10	-0.000346086
1.87254e-10	-0.000344346
1.92844e-10	-0.000339554
1.98433e-10	-0.000331545
2.04023e-10	-0.000320173
2.09613e-10	-0.000305311
2.15202e-10	-0.000286854
2.20792e-10	-0.000264722
2.26382e-10	-0.000238859
2.31971e-10	-0.000209241
2.37561e-10	-0.000175874
2.43151e-10	-0.000138795
2.48741e-10	-9.80801e-05
2.5433e-10	-5.38373e-05
2.5992e-10	-6.21471e-06
2.6551e-10	4.46013e-05
2.71099e-10	9.83844e-05
2.76689e-10	0.000154868
2.82279e-10	0.000213745
2.87868e-10	0.000274669
2.93458e-10	0.00033725
2.99048e-10	0.000401063
3.04637e-10	0.000465643
3.10227e-10	0.000530489
3.15817e-10	0.000595065
3.21406e-10	0.000658806
3.26996e-10	0.000721114
3.32586e-10	0.000781369
3.38175e-10	0.000838929
3.43765e-10	0.000893134
3.49355e-10	0.000943311
3.54944e-10	0.000988781
3.60534e-10	0.00102886
3.66124e-10	0.00106287
3.71713e-10	0.00109015
3.77303e-10	0.00111004
3.82893e-10	0.00112191
3.88482e-10	0.00112516
3.94072e-10	0.00111924
3.99662e-10	0.00110361
4.05251e-10	0.00107782
4.10841e-10	0.00104145
4.16431e-10	0.000994154
4.2202e-10	0.00093567
4.2761e-10	0.000865799
4.332e-10	0.000784435
4.38789e-10	0.000691559
4.44379e-10	0.000587254
4.49969e-10	0.000471703
4.55558e-10	0.000345193
4.61148e-10	0.000208127
4.66738e-10	6.10162e-05
4.72328e-10	-9.5508e-05
4.77917e-10	-0.000260699
4.83507e-10	-0.000433692
4.89097e-10	-0.000613504
4.94686e-10	-0.000799037
5.00276e-10	-0.00098908
5.05866e-10	-0.00118231
5.11455e-10	-0.00137731
5.17045e-10	-0.00157254
5.22635e-10	-0.0017664
5.28224e-10	-0.00195719
5.33814e-10	-0.00214313
5.39404e-10	-0.0023224
5.44993e-10	-0.00249312
5.50583e-10	-0.00265337
5.56173e-10	-0.0028012
5.61762e-10	-0.00293468
5.67352e-10	-0.00305186
5.72942e-10	-0.00315084
5.78531e-10	-0.00322976
5.84121e-10	-0.0032868
5.89711e-10	-0.00332024
5.953e-10	-0.00332848
6.0089e-10	-0.00331
6.0648e-10	-0.00326345
6.12069e-10	-0.00318762
6.17659e-10	-0.0030815
6.23249e-10	-0.00294425
6.28838e-10	-0.00277527
6.34428e-10	-0.00257417
6.40018e-10	-0.00234082
6.45607e-10	-0.00207536
6.51197e-10	-0.00177819
6.56787e-10	-0.00145
6.62376e-10	-0.00109177
6.67966e-10	-0.000704817
6.73556e-10	-0.00029073
6.79145e-10	0.00014857
6.84735e-10	0.00061085
6.90325e-10	0.00109357
6.95914e-10	0.00159387
7.01504e-10	0.00210861
7.07094e-10	0.00263434
7.12684e-10	0.00316734
7.18273e-10	0.00370366
7.23863e-10	0.00423906
7.29453e-10	0.00476912
7.35042e-10	0.00528922
7.40632e-10	0.00579458
7.46222e-10	0.00628029
7.51811e-10	0.00674134
7.57401e-10	0.00717266
7.62991e-10	0.00756918
7.6858e-10	0.00792583
7.7417e-10	0.00823763
7.7976e-10	0.00849968
7.85349e-10	0.00870727
7.90939e-10	0.00885587
7.96529e-10	0.00894124
8.02118e-10	0.0089594
8.07708e-10	0.00890676
8.13298e-10	0.0087801
8.18887e-10	0.00857667
8.24477e-10	0.00829419
8.30067e-10	0.00793093
8.35656e-10	0.00748573
8.41246e-10	0.00695806
8.46836e-10	0.00634803
8.52425e-10	0.00565642
8.58015e-10	0.00488474
8.63605e-10	0.00403521
8.69194e-10	0.00311083
8.74784e-10	0.00211533
8.80374e-10	0.00105323
8.85963e-10	-7.0211e-05
8.91553e-10	-0.00124894
8.97143e-10	-0.00247618
9.02732e-10	-0.00374442
9.08322e-10	-0.00504545
9.13912e-10	-0.00637038
9.19501e-10	-0.00770973
9.25091e-10	-0.00905341
9.30681e-10	-0.0103908
9.36271e-10	-0.0117109
9.4186e-10	-0.0130023
9.4745e-10	-0.0142532
9.5304e-10	-0.0154516
9.58629e-10	-0.0165854
9.64219e-10	-0.0176426
9.69809e-10	-0.0186108
9.75398e-10	-0.0194783
9.80988e-10	-0.0202333
9.86578e-10	-0.0208645
9.92167e-10	-0.0213611
9.97757e-10	-0.0217128
1.00335e-09	-0.0219101
1.00894e-09	-0.0219442
1.01453e-09	-0.0218073
1.02012e-09	-0.0214927
1.02571e-09	-0.0209947
1.03129e-09	-0.0203089
1.03688e-09	-0.0194321
1.04247e-09	-0.0183627
1.04806e-09	-0.0171005
1.05365e-09	-0.0156467
1.05924e-09	-0.0140043
1.06483e-09	-0.0121779
1.07042e-09	-0.0101738
1.07601e-09	-0.008
1.0816e-09	-0.00566615
1.08719e-09	-0.00318371
1.09278e-09	-0.000565812
1.09837e-09	0.00217275
1.10396e-09	0.00501558
1.10955e-09	0.0079447
1.11514e-09	0.0109407
1.12073e-09	0.0139827
1.12632e-09	0.0170487
1.13191e-09	0.0201154
1.1375e-09	0.0231587
1.14309e-09	0.0261535
1.14868e-09	0.0290739
1.15427e-09	0.0318939
1.15986e-09	0.0345869
1.16545e-09	0.0371262
1.17104e-09	0.0394853
1.17663e-09	0.0416381
1.18222e-09	0.0435589
1.18781e-09	0.0452229
1.1934e-09	0.0466063
1.19899e-09	0.0476866
1.20457e-09	0.0484427
1.21016e-09	0.0488553
1.21575e-09	0.048907
1.22134e-09	0.0485827
1.22693e-09	0.0478696
1.23252e-09	0.0467574
1.23811e-09	0.0452388
1.2437e-09	0.0433091
1.24929e-09	0.0409671
1.25488e-09	0.0382144
1.26047e-09	0.0350563
1.26606e-09	0.0315014
1.27165e-09	0.0275617
1.27724e-09	0.0232529
1.28283e-09	0.0185941
1.28842e-09	0.013608
1.29401e-09	0.00832076
1.2996e-09	0.00276196
1.30519e-09	-0.00303554
1.31078e-09	-0.00903571
1.31637e-09	-0.0151996
1.32196e-09	-0.0214853
1.32755e-09	-0.0278485
1.33314e-09	-0.0342427
1.33873e-09	-0.0406191
1.34432e-09	-0.0469274
1.34991e-09	-0.053116
1.3555e-09	-0.0591322
1.36109e-09	-0.0649228
1.36668e-09	-0.0704342
1.37227e-09	-0.0756134
1.37785e-09	-0.0804078
1.38344e-09	-0.0847659
1.38903e-09	-0.088638
1.39462e-09	-0.0919761
1.40021e-09	-0.094735
1.4058e-09	-0.0968722
1.41139e-09	-0.0983487
1.41698e-09	-0.0991292
1.42257e-09	-0.0991828
1.42816e-09	-0.098483
1.43375e-09	-0.0970085
1.43934e-09	-0.0947431
1.44493e-09	-0.0916766
1.45052e-09	-0.0878044
1.45611e-09	-0.0831283
1.4617e-09	-0.0776562
1.46729e-09	-0.0714029
1.47288e-09	-0.0643896
1.47847e-09	-0.0566441
1.48406e-09	-0.0482012
1.48965e-09	-0.039102
1.49524e-09	-0.0293945
1.50083e-09	-0.0191327
1.50642e-09	-0.00837696
1.51201e-09	0.00280643
1.5176e-09	0.0143457
1.52319e-09	0.0261641
1.52878e-09	0.0381797
1.53437e-09	0.0503069
1.53996e-09	0.062456
1.54555e-09	0.0745344
1.55113e-09	0.086447
1.55672e-09	0.098097
1.56231e-09	0.109386
1.5679e-09	0.120217
1.57349e-09	0.130491
1.57908e-09	0.140112
1.58467e-09	0.148985
1.59026e-09	0.157019
1.59585e-09	0.164126
1.60144e-09	0.170222
1.60703e-09	0.175228
1.61262e-09	0.179074
1.61821e-09	0.181693
1.6238e-09	0.183028
1.62939e-09	0.183028
1.63498e-09	0.181654
1.64057e-09	0.178874
1.64616e-09	0.174666
1.65175e-09	0.16902
1.65734e-09	0.161936
1.66293e-09	0.153425
1.66852e-09	0.14351
1.67411e-09	0.132224
1.6797e-09	0.119613
1.68529e-09	0.105734
1.69088e-09	0.0906571
1.69647e-09	0.0744614
1.70206e-09	0.0572379
1.70765e-09	0.0390884
1.71324e-09	0.0201243
1.71882e-09	0.00046681
1.72441e-09	-0.0197544
1.73e-09	-0.0404014
1.73559e-09	-0.0613294
1.74118e-09	-0.0823872
1.74677e-09	-0.103418
1.75236e-09	-0.124263
1.75795e-09	-0.144757
1.76354e-09	-0.164737
1.76913e-09	-0.184035
1.77472e-09	-0.202488
1.78031e-09	-0.219934
1.7859e-09	-0.236212
1.79149e-09	-0.251168
1.79708e-09	-0.264655
1.80267e-09	-0.276532
1.80826e-09	-0.286666
1.81385e-09	-0.294935
1.81944e-09	-0.301229
1.82503e-09	-0.305449
1.83062e-09	-0.307509
1.83621e-09	-0.30734
1.8418e-09	-0.304886
1.84739e-09	-0.300107
1.85298e-09	-0.292982
1.85857e-09	-0.283506
1.86416e-09	-0.271692
1.86975e-09	-0.257571
1.87534e-09	-0.241194
1.88093e-09	-0.222628
1.88652e-09	-0.201961
1.8921e-09	-0.179297
1.89769e-09	-0.15476
1.90328e-09	-0.128489
1.90887e-09	-0.100641
1.91446e-09	-0.0713895
1.92005e-09	-0.0409203
1.92564e-09	-0.00943476
1.93123e-09	0.0228539
1.93682e-09	0.0557214
1.94241e-09	0.088934
1.948e-09	0.12225
1.95359e-09	0.155421
1.95918e-09	0.188196
1.96477e-09	0.220319
1.97036e-09	0.251534
1.97595e-09	0.281588
1.98154e-09	0.310229
1.98713e-09	0.337213
1.99272e-09	0.3623
1.99831e-09	0.385263
2.0039e-09	0.405883
2.00949e-09	0.423956
2.01508e-09	0.439295
2.02067e-09	0.451726
2.02626e-09	0.461095
2.03185e-09	0.467271
2.03744e-09	0.47014
2.04303e-09	0.469615
2.04862e-09	0.46563
2.05421e-09	0.458146
2.0598e-09	0.447149
2.06538e-09	0.432651
2.07097e-09	0.414692
2.07656e-09	0.393338
2.08215e-09	0.368683
2.08774e-09	0.340848
2.09333e-09	0.30998
2.09892e-09	0.27625
2.10451e-09	0.239858
2.1101e-09	0.201024
2.11569e-09	0.159993
2.12128e-09	0.11703
2.12687e-09	0.0724201
2.13246e-09	0.026466
2.13805e-09	-0.0205142
2.14364e-09	-0.0681891
2.14923e-09	-0.116216
2.15482e-09	-0.164243
2.16041e-09	-0.211914
2.166e-09	-0.258866
2.17159e-09	-0.304739
2.17718e-09	-0.349173
2.18277e-09	-0.391813
2.18836e-09	-0.432312
2.19395e-09	-0.470333
2.19954e-09	-0.505553
2.20513e-09	-0.537665
2.21072e-09	-0.566378
2.21631e-09	-0.591427
2.2219e-09	-0.612565
2.22749e-09	-0.629575
2.23308e-09	-0.642265
2.23866e-09	-0.650474
2.24425e-09	-0.654072
2.24984e-09	-0.652963
2.25543e-09	-0.647082
2.26102e-09	-0.636404
2.26661e-09	-0.620934
2.2722e-09	-0.600718
2.27779e-09	-0.575837
2.28338e-09	-0.546407
2.28897e-09	-0.512581
2.29456e-09	-0.474548
2.30015e-09	-0.43253
2.30574e-09	-0.386783
2.31133e-09	-0.337594
2.31692e-09	-0.285282
2.32251e-09	-0.230189
2.3281e-09	-0.172688
2.33369e-09	-0.113172
2.33928e-09	-0.0520541
2.34487e-09	0.0102343
2.35046e-09	0.0732475
2.35605e-09	0.136529
2.36164e-09	0.199615
2.36723e-09	0.262036
2.37282e-09	0.323323
2.37841e-09	0.383011
2.384e-09	0.440639
2.38959e-09	0.495757
2.39518e-09	0.547929
2.40077e-09	0.596737
2.40635e-09	0.641781
2.41194e-09	0.682687
2.41753e-09	0.719107
2.42312e-09	0.750724
2.42871e-09	0.777252
2.4343e-09	0.79844
2.43989e-09	0.814077
2.44548e-09	0.823989
2.45107e-09	0.828044
2.45666e-09	0.826152
2.46225e-09	0.818268
2.46784e-09	0.804391
2.47343e-09	0.784564
2.47902e-09	0.758877
2.48461e-09	0.727462
2.4902e-09	0.690497
2.49579e-09	0.648204
2.50138e-09	0.600845
2.50697e-09	0.548724
2.51256e-09	0.492182
2.51815e-09	0.431596
2.52374e-09	0.367378
2.52933e-09	0.29997
2.53492e-09	0.22984
2.54051e-09	0.157483
2.5461e-09	0.0834124
2.55169e-09	0.00815899
2.55728e-09	-0.0677332
2.56287e-09	-0.143711
2.56846e-09	-0.219218
2.57405e-09	-0.293695
2.57963e-09	-0.366588
2.58522e-09	-0.437351
2.59081e-09	-0.505449
2.5964e-09	-0.570365
2.60199e-09	-0.631601
2.60758e-09	-0.688684
2.61317e-09	-0.741168
2.61876e-09	-0.78864
2.62435e-09	-0.830721
2.62994e-09	-0.867071
2.63553e-09	-0.89739
2.64112e-09	-0.921421
2.64671e-09	-0.938954
2.6523e-09	-0.949824
2.65789e-09	-0.953918
2.66348e-09	-0.951171
2.66907e-09	-0.941568
2.67466e-09	-0.925148
2.68025e-09	-0.901998
2.68584e-09	-0.872257
2.69143e-09	-0.836115
2.69702e-09	-0.793808
2.70261e-09	-0.745621
2.7082e-09	-0.691882
2.71379e-09	-0.632965
2.71938e-09	-0.569282
2.72497e-09	-0.50128
2.73056e-09	-0.429444
2.73615e-09	-0.354286
2.74174e-09	-0.276345
2.74733e-09	-0.196185
2.75291e-09	-0.114384
2.7585e-09	-0.0315378
2.76409e-09	0.0517514
2.76968e-09	0.134875
2.77527e-09	0.217224
2.78086e-09	0.298195
2.78645e-09	0.377193
2.79204e-09	0.453636
2.79763e-09	0.526959
2.80322e-09	0.596622
2.80881e-09	0.66211
2.8144e-09	0.722938
2.81999e-09	0.778654
2.82558e-09	0.828847
2.83117e-09	0.873142
2.83676e-09	0.911212
2.84235e-09	0.942774
2.84794e-09	0.967592
2.85353e-09	0.985482
2.85912e-09	0.996311
2.86471e-09	0.999999
2.8703e-09	0.996518
2.87589e-09	0.985894
2.88148e-09	0.968206
2.88707e-09	0.943586
2.89266e-09	0.912216
2.89825e-09	0.87433
2.90384e-09	0.83021
2.90943e-09	0.780183
2.91502e-09	0.72462
2.92061e-09	0.663934
2.92619e-09	0.598574
2.93178e-09	0.529024
2.93737e-09	0.455799
2.94296e-09	0.379439
2.94855e-09	0.300507
2.95414e-09	0.219584
2.95973e-09	0.137266
2.96532e-09	0.0541566
2.97091e-09	-0.0291364
2.9765e-09	-0.112004
2.98209e-09	-0.193843
2.98768e-09	-0.274059
2.99327e-09	-0.352072
2.99886e-09	-0.427318
3.00445e-09	-0.499257
3.01004e-09	-0.567376
3.01563e-09	-0.631191
3.02122e-09	-0.690252
3.02681e-09	-0.744145
3.0324e-09	-0.792498
3.03799e-09	-0.834979
3.04358e-09	-0.871303
3.04917e-09	-0.901231
3.05476e-09	-0.924573
3.06035e-09	-0.94119
3.06594e-09	-0.95099
3.07153e-09	-0.953935
3.07712e-09	-0.950038
3.08271e-09	-0.939362
3.0883e-09	-0.92202
3.09388e-09	-0.898173
3.09947e-09	-0.868033
3.10506e-09	-0.831853
3.11065e-09	-0.789932
3.11624e-09	-0.742611
3.12183e-09	-0.690266
3.12742e-09	-0.63331
3.13301e-09	-0.572187
3.1386e-09	-0.507371
3.14419e-09	-0.439357
3.14978e-09	-0.368664
3.15537e-09	-0.295825
3.16096e-09	-0.221385
3.16655e-09	-0.145901
3.17214e-09	-0.0699283
3.17773e-09	0.00597412
3.18332e-09	0.0812536
3.18891e-09	0.155366
3.1945e-09	0.22778
3.20009e-09	0.297981
3.20568e-09	0.365474
3.21127e-09	0.429791
3.21686e-09	0.490487
3.22245e-09	0.547152
3.22804e-09	0.599406
3.23363e-09	0.646906
3.23922e-09	0.68935
3.24481e-09	0.726471
3.2504e-09	0.758049
3.25599e-09	0.783904
3.26158e-09	0.803902
3.26716e-09	0.817951
3.27275e-09	0.826009
3.27834e-09	0.828073
3.28393e-09	0.824189
3.28952e-09	0.814444
3.29511e-09	0.798971
3.3007e-09	0.777939
3.30629e-09	0.751563
3.31188e-09	0.720089
3.31747e-09	0.683803
3.32306e-09	0.643022
3.32865e-09	0.598092
3.33424e-09	0.549387
3.33983e-09	0.497306
3.34542e-09	0.442267
3.35101e-09	0.384706
3.3566e-09	0.325071
3.36219e-09	0.263823
3.36778e-09	0.201428
3.37337e-09	0.138355
3.37896e-09	0.075073
3.38455e-09	0.0120456
3.39014e-09	-0.0502699
3.39573e-09	-0.111428
3.40132e-09	-0.170996
3.40691e-09	-0.228561
3.4125e-09	-0.283728
3.41809e-09	-0.336126
3.42368e-09	-0.38541
3.42927e-09	-0.43126
3.43486e-09	-0.473389
3.44044e-09	-0.511541
3.44603e-09	-0.545491
3.45162e-09	-0.57505
3.45721e-09	-0.600065
3.4628e-09	-0.620417
3.46839e-09	-0.636024
3.47398e-09	-0.646841
3.47957e-09	-0.65286
3.48516e-09	-0.654106
3.49075e-09	-0.650643
3.49634e-09	-0.642565
3.50193e-09	-0.630002
3.50752e-09	-0.613115
3.51311e-09	-0.592093
3.5187e-09	-0.567154
3.52429e-09	-0.538543
3.52988e-09	-0.506525
3.53547e-09	-0.471391
3.54106e-09	-0.433446
3.54665e-09	-0.393014
3.55224e-09	-0.350431
3.55783e-09	-0.306044
3.56342e-09	-0.260208
3.56901e-09	-0.213281
3.5746e-09	-0.165626
3.58019e-09	-0.117604
3.58578e-09	-0.0695725
3.59137e-09	-0.0218826
3.59696e-09	0.0251224
3.60255e-09	0.0711106
3.60814e-09	0.115763
3.61372e-09	0.158778
3.61931e-09	0.199869
3.6249e-09	0.23877
3.63049e-09	0.275236
3.63608e-09	0.309045
3.64167e-09	0.339999
3.64726e-09	0.367924
3.65285e-09	0.392672
3.65844e-09	0.414122
3.66403e-09	0.43218
3.66962e-09	0.446779
3.67521e-09	0.457878
3.6808e-09	0.465463
3.68639e-09	0.469549
3.69198e-09	0.470173
3.69757e-09	0.4674
3.70316e-09	0.461319
3.70875e-09	0.45204
3.71434e-09	0.439695
3.71993e-09	0.424438
3.72552e-09	0.406441
3.73111e-09	0.385892
3.7367e-09	0.362994
3.74229e-09	0.337965
3.74788e-09	0.311033
3.75347e-09	0.282436
3.75906e-09	0.252419
3.76465e-09	0.221234
3.77024e-09	0.189134
3.77583e-09	0.156374
3.78141e-09	0.123211
3.787e-09	0.0898956
3.79259e-09	0.0566766
3.79818e-09	0.0237958
3.80377e-09	-0.00851272
3.80936e-09	-0.0400245
3.81495e-09	-0.0705259
3.82054e-09	-0.0998157
3.82613e-09	-0.127706
3.83172e-09	-0.154025
3.83731e-09	-0.178614
3.8429e-09	-0.201334
3.84849e-09	-0.22206
3.85408e-09	-0.240688
3.85967e-09	-0.25713
3.86526e-09	-0.271317
3.87085e-09	-0.283198
3.87644e-09	-0.292742
3.88203e-09	-0.299935
3.88762e-09	-0.304781
3.89321e-09	-0.307301
3.8988e-09	-0.307536
3.90439e-09	-0.305539
3.90998e-09	-0.30138
3.91557e-09	-0.295145
3.92116e-09	-0.286931
3.92675e-09	-0.27685
3.93234e-09	-0.265022
3.93793e-09	-0.251579
3.94352e-09	-0.236663
3.94911e-09	-0.220421
3.95469e-09	-0.203007
3.96028e-09	-0.184581
3.96587e-09	-0.165304
3.97146e-09	-0.145342
3.97705e-09	-0.12486
3.98264e-09	-0.104024
3.98823e-09	-0.0829955
3.99382e-09	-0.0619363
3.99941e-09	-0.0410024
4.005e-09	-0.0203452
4.01059e-09	-0.000109766
4.01618e-09	0.0195659
4.02177e-09	0.0385517
4.02736e-09	0.0567264
4.03295e-09	0.073978
4.03854e-09	0.0902048
4.04413e-09	0.105315
4.04972e-09	0.119229
4.05531e-09	0.131878
4.0609e-09	0.143203
4.06649e-09	0.153159
4.07208e-09	0.161711
4.07767e-09	0.168836
4.08326e-09	0.174523
4.08885e-09	0.178772
4.09444e-09	0.181594
4.10003e-09	0.183008
4.10562e-09	0.183047
4.11121e-09	0.18175
4.1168e-09	0.179167
4.12239e-09	0.175356
4.12797e-09	0.170382
4.13356e-09	0.164316
4.13915e-09	0.157238
4.14474e-09	0.149229
4.15033e-09	0.140379
4.15592e-09	0.130778
4.16151e-09	0.120522
4.1671e-09	0.109706
4.17269e-09	0.0984284
4.17828e-09	0.0867875
4.18387e-09	0.0748811
4.18946e-09	0.0628061
4.19505e-09	0.0506578
4.20064e-09	0.0385287
4.20623e-09	0.0265086
4.21182e-09	0.0146834
4.21741e-09	0.00313497
4.223e-09	-0.00805974
4.22859e-09	-0.0188287
4.23418e-09	-0.0291057
4.23977e-09	-0.03883
4.24536e-09	-0.0479475
4.25095e-09	-0.05641
4.25654e-09	-0.0641761
4.26213e-09	-0.071211
4.26772e-09	-0.0774865
4.27331e-09	-0.0829814
4.2789e-09	-0.0876806
4.28449e-09	-0.0915761
4.29008e-09	-0.0946659
4.29567e-09	-0.0969542
4.30125e-09	-0.0984514
4.30684e-09	-0.0991732
4.31243e-09	-0.0991411
4.31802e-09	-0.0983811
4.32361e-09	-0.0969243
4.3292e-09	-0.0948056
4.33479e-09	-0.0920641
4.34038e-09	-0.0887421
4.34597e-09	-0.0848848
4.35156e-09	-0.08054
4.35715e-09	-0.0757575
4.36274e-09	-0.0705887
4.36833e-09	-0.0650861
4.37392e-09	-0.0593028
4.37951e-09	-0.0532924
4.3851e-09	-0.0471081
4.39069e-09	-0.0408024
4.39628e-09	-0.0344273
4.40187e-09	-0.0280329
4.40746e-09	-0.0216681
4.41305e-09	-0.0153795
4.41864e-09	-0.00921157
4.42423e-09	-0.00320611
4.42982e-09	0.00259775
4.43541e-09	0.00816392
4.441e-09	0.0134594
4.44659e-09	0.0184546
4.45218e-09	0.0231232
4.45777e-09	0.0274424
4.46336e-09	0.031393
4.46894e-09	0.0349592
4.47453e-09	0.0381289
4.48012e-09	0.0408933
4.48571e-09	0.0432473
4.4913e-09	0.0451888
4.49689e-09	0.0467193
4.50248e-09	0.0478431
4.50807e-09	0.0485676
4.51366e-09	0.048903
4.51925e-09	0.0488619
4.52484e-09	0.0484595
4.53043e-09	0.047713
4.53602e-09	0.0466419
4.54161e-09	0.0452669
4.5472e-09	0.0436107
4.55279e-09	0.0416969
4.55838e-09	0.0395505
4.56397e-09	0.037197
4.56956e-09	0.0346625
4.57515e-09	0.0319736
4.58074e-09	0.0291569
4.58633e-09	0.0262389
4.59192e-09	0.023246
4.59751e-09	0.0202037
4.6031e-09	0.0171373
4.60869e-09	0.014071
4.61428e-09	0.011028
4.61987e-09	0.00803036
4.62546e-09	0.00509903
4.63105e-09	0.00225345
4.63664e-09	-0.00048836
4.64222e-09	-0.00310996
4.64781e-09	-0.0055965
4.6534e-09	-0.00793481
4.65899e-09	-0.0101134
4.66458e-09	-0.0121225
4.67017e-09	-0.0139541
4.67576e-09	-0.0156019
4.68135e-09	-0.0170612
4.68694e-09	-0.018329
4.69253e-09	-0.0194039
4.69812e-09	-0.0202863
4.70371e-09	-0.0209776
4.7093e-09	-0.021481
4.71489e-09	-0.0218008
4.72048e-09	-0.0219427
4.72607e-09	-0.0219134
4.73166e-09	-0.0217207
4.73725e-09	-0.0213733
4.74284e-09	-0.0208808
4.74843e-09	-0.0202533
4.75402e-09	-0.0195017
4.75961e-09	-0.0186373
4.7652e-09	-0.0176718
4.77079e-09	-0.0166171
4.77638e-09	-0.0154853
4.78197e-09	-0.0142886
4.78756e-09	-0.0130391
4.79315e-09	-0.0117487
4.79874e-09	-0.0104292
4.80433e-09	-0.00909217
4.80992e-09	-0.00774851
4.8155e-09	-0.0064089
4.82109e-09	-0.00508341
4.82668e-09	-0.00378157
4.83227e-09	-0.00251226
4.83786e-09	-0.00128373
4.84345e-09	-0.000103499
4.84904e-09	0.00102162
4.85463e-09	0.00208558
4.86022e-09	0.00308307
4.86581e-09	0.00400956
4.8714e-09	0.00486129
4.87699e-09	0.00563525
4.88258e-09	0.0063292
4.88817e-09	0.0069416
4.89376e-09	0.00747165
4.89935e-09	0.00791922
4.90494e-09	0.00828484
4.91053e-09	0.00856963
4.91612e-09	0.00877532
4.92171e-09	0.00890416
4.9273e-09	0.00895889
4.93289e-09	0.00894273
4.93848e-09	0.00885925
4.94407e-09	0.00871241
4.94966e-09	0.00850646
4.95525e-09	0.00824591
4.96084e-09	0.00793549
4.96643e-09	0.00758006
4.97202e-09	0.00718462
4.97761e-09	0.00675423
4.98319e-09	0.00629397
4.98878e-09	0.0058089
4.99437e-09	0.00530404
4.99996e-09	0.0047843
5.00555e-09	0.00425446
5.01114e-09	0.00371915
5.01673e-09	0.0031828
5.02232e-09	0.00264964
5.02791e-09	0.00212365
5.0335e-09	0.00160855
5.03909e-09	0.00110778
5.04468e-09	0.000624514
5.05027e-09	0.000161606
5.05586e-09	-0.00027839
5.06145e-09	-0.000693233
5.06704e-09	-0.001081
5.07263e-09	-0.00144007
5.07822e-09	-0.00176914
5.08381e-09	-0.00206722
5.0894e-09	-0.00233361
5.09499e-09	-0.00256788
5.10058e-09	-0.00276991
5.10617e-09	-0.00293982
5.11176e-09	-0.00307797
5.11735e-09	-0.00318498
5.12294e-09	-0.00326167
5.12853e-09	-0.00330905
5.13412e-09	-0.00332833
5.13971e-09	-0.00332084
5.1453e-09	-0.0032881
5.15089e-09	-0.00323172
5.15647e-09	-0.00315341
5.16206e-09	-0.00305499
5.16765e-09	-0.0029383
5.17324e-09	-0.00280527
5.17883e-09	-0.00265782
5.18442e-09	-0.0024979
5.19001e-09	-0.00232746
5.1956e-09	-0.00214841
5.20119e-09	-0.00196263
5.20678e-09	-0.00177196
5.21237e-09	-0.00157817
5.21796e-09	-0.00138295
5.22355e-09	-0.00118792
5.22914e-09	-0.000994621
5.23473e-09	-0.000804467
5.24032e-09	-0.000618786
5.24591e-09	-0.000438793
5.2515e-09	-0.000265589
5.25709e-09	-0.00010016
5.26268e-09	5.66257e-05
5.26827e-09	0.000204017
5.27386e-09	0.000341382
5.27945e-09	0.000468202
5.28504e-09	0.000584075
5.29063e-09	0.000688708
5.29622e-09	0.000781914
5.30181e-09	0.000863612
5.3074e-09	0.000933813
5.31299e-09	0.000992624
5.31858e-09	0.00104023
5.32417e-09	0.00107692
5.32975e-09	0.00110301
5.33534e-09	0.00111892
5.34093e-09	0.00112512
5.34652e-09	0.00112213
5.35211e-09	0.0011105
5.3577e-09	0.00109083
5.36329e-09	0.00106376
5.36888e-09	0.00102993
5.37447e-09	0.000990017
5.38006e-09	0.000944693
5.38565e-09	0.000894642
5.39124e-09	0.000840544
5.39683e-09	0.000783072
5.40242e-09	0.000722885
5.40801e-09	0.000660628
5.4136e-09	0.00059692
5.41919e-09	0.00053236
5.42478e-09	0.000467514
5.43037e-09	0.00040292
5.43596e-09	0.000339078
5.44155e-09	0.000276454
5.44714e-09	0.000215478
5.45273e-09	0.000156536
5.45832e-09	9.99787e-05
5.46391e-09	4.61137e-05
5.4695e-09	-4.79131e-06
5.47509e-09	-5.25089e-05
5.48068e-09	-9.68515e-05
5.48627e-09	-0.00013767
5.49186e-09	-0.000174855
5.49745e-09	-0.00020833
5.50303e-09	-0.000238056
5.50862e-09	-0.000264027
5.51421e-09	-0.000286267
5.5198e-09	-0.000304829
5.52539e-09	-0.000319794
5.53098e-09	-0.000331264
5.53657e-09	-0.000339368
5.54216e-09	-0.000344251
5.54775e-09	-0.000346077
5.55334e-09	-0.000345024
5.55893e-09	-0.000341281
5.56452e-09	-0.000335051
5.57011e-09	-0.00032654
5.5757e-09	-0.000315964
5.58129e-09	-0.000303539
5.58688e-09	-0.000289485
5.59247e-09	-0.000274019
5.59806e-09	-0.000257357
5.60365e-09	-0.000239711
5.60924e-09	-0.000221289
5.61483e-09	-0.000202289
5.62042e-09	-0.000182904
5.62601e-09	-0.000163316
5.6316e-09	-0.000143697
5.63719e-09	-0.000124209
5.64278e-09	-0.000105003
5.64837e-09	-8.6216e-05
5.65396e-09	-6.79741e-05
5.65955e-09	-5.03903e-05
5.66514e-09	-3.35648e-05
5.67072e-09	-1.75851e-05
5.67631e-09	-2.52591e-06
5.6819e-09	1.15505e-05
5.68749e-09	2.45942e-05
5.69308e-09	3.65669e-05
5.69867e-09	4.74417e-05
5.70426e-09	5.72028e-05
5.70985e-09	6.58444e-05
5.71544e-09	7.33705e-05
5.72103e-09	7.97941e-05
5.72662e-09	8.51363e-05
5.73221e-09	8.94261e-05
